-1 -1 -1 -1 -1 -1 -1 -1 -1 -1 -1 -1 -1 -1 -1 -1 -1 -1 -1 -1
-1 00 01 02 03 04 05 06 07 -1 -1 08 09 10 11 12 13 14 15 -1
-1 16 -1 -1 -1 17 -1 -1 18 -1 -1 19 -1 -1 20 -1 -1 -1 21 -1
-1 22 -1 23 24 25 26 -1 27 -1 -1 28 -1 29 30 31 32 -1 33 -1
-1 34 -1 35 -1 -1 36 -1 37 38 39 40 -1 41 -1 -1 42 -1 43 -1
-1 44 45 46 47 -1 48 49 50 -1 -1 51 52 53 -1 54 55 56 57 -1
-1 -1 58 -1 59 -1 60 -1 61 62 63 64 -1 65 -1 66 -1 67 -1 -1
-1 -1 68 -1 69 -1 70 -1 71 -1 -1 72 -1 73 -1 74 -1 75 -1 -1
76 77 78 79 80 81 82 83 84 85 86 87 88 89 90 91 92 93 94 95
-1 -1 -1 -1 -1 -1 96 -1 -1 97 98 -1 -1 99 -1 -1 -1 -1 -1 -1
-1 -1 -1 -1 -1 -1 100 -1 101 102 103 104 -1 105 -1 -1 -1 -1 -1 -1
-1 106 107 108 -1 109 110 -1 111 112 113 114 -1 115 116 -1 117 118 119 -1
-1 120 -1 121 122 123 -1 -1 -1 -1 -1 -1 -1 -1 124 125 126 -1 127 -1
-1 128 129 130 -1 131 132 133 -1 134 135 136 137 138 139 -1 140 141 142 -1
-1 143 -1 144 145 146 -1 147 -1 148 -1 -1 149 -1 150 151 152 -1 153 -1
-1 154 155 156 -1 157 158 159 -1 160 161 162 163 164 165 -1 166 167 168 -1
-1 169 -1 170 171 172 -1 173 174 175 176 -1 177 -1 178 179 180 -1 181 -1
-1 182 183 184 -1 185 186 187 -1 -1 188 -1 189 190 191 -1 192 193 194 -1
-1 195 -1 196 197 198 -1 199 200 201 202 -1 203 -1 204 205 206 -1 207-1
-1 -1 -1 -1 -1 -1 -1 -1 -1 -1 -1 -1 -1 -1 -1 -1 -1 -1 -1 -1

